"(3, 1, 3)",4,120,5.0199596714553945,5.940022034050106
"(3, 1, 3)",4,120,5.0199596714553945,5.940022034050106
"(3, 1, 3)",4,120,5.0199596714553945,5.940022034050106
"(3, 1, 3)",4,120,5.0199596714553945,5.940022034050106
"(3, 1, 3)",4,120,5.0199596714553945,5.940022034050106
"(3, 1, 3)",4,120,5.0199596714553945,5.940022034050106
"(3, 1, 3)",4,120,5.0199596714553945,5.940022034050106
"(3, 1, 3)",4,120,5.0199596714553945,5.940022034050106
"(3, 1, 3)",4,120,5.0199596714553945,5.940022034050106
"(3, 1, 3)",4,120,5.0199596714553945,5.940022034050106
"(3, 1, 3)",4,120,5.0199596714553945,5.940022034050106
"(3, 1, 3)",4,120,5.0199596714553945,5.940022034050106
"(3, 1, 3)",4,120,5.0199596714553945,5.940022034050106
"(3, 1, 3)",4,120,5.0199596714553945,5.940022034050106
"(3, 1, 3)",4,120,5.0199596714553945,5.940022034050106
"(3, 1, 3)",4,120,5.0199596714553945,5.940022034050106
"(3, 1, 3)",4,120,5.0199596714553945,5.940022034050106
"(3, 1, 3)",4,120,5.0199596714553945,5.940022034050106
"(3, 1, 3)",4,120,5.0199596714553945,5.940022034050106
"(3, 1, 3)",4,120,5.0199596714553945,5.940022034050106
"(3, 1, 3)",4,120,5.0199596714553945,5.940022034050106
"(3, 1, 3)",4,120,5.0199596714553945,5.940022034050106
"(3, 1, 3)",4,120,5.0199596714553945,5.940022034050106
"(3, 1, 3)",4,120,5.0199596714553945,5.940022034050106
"(3, 1, 3)",4,120,5.0199596714553945,5.940022034050106
"(3, 1, 3)",4,120,5.0199596714553945,5.940022034050106
"(3, 1, 3)",4,120,5.0199596714553945,5.940022034050106
"(3, 1, 3)",4,120,5.0199596714553945,5.940022034050106
"(3, 1, 3)",4,120,5.0199596714553945,5.940022034050106
"(3, 1, 3)",4,120,5.0199596714553945,5.940022034050106
